,applicant_id,Primary_applicant_age_in_years,Gender,Marital_status,Number_of_dependents,Housing,Years_at_current_residence,Employment_status,Foreign_worker,loan_application_id,Months_loan_taken_for,Principal_loan_amount,EMI_rate_in_percentage_of_disposable_income,Has_coapplicant,Has_guarantor,Number_of_existing_loans_at_this_bank,Loan_history,high_risk_applicant
0,436,67,1,3,1,1,4,1,1,0,6,1169000,4,0,0,2,1,0
1,115,22,0,1,1,1,2,1,1,1,48,5951000,2,0,0,1,3,1
2,380,49,1,3,2,1,3,3,1,2,12,2096000,2,0,0,1,1,0
3,117,45,1,3,2,0,4,1,1,3,42,7882000,2,0,1,1,3,0
4,713,53,1,3,2,0,4,1,1,4,24,4870000,3,0,0,2,2,1
5,129,35,1,3,2,0,4,3,1,5,36,9055000,2,0,0,1,3,0
6,376,53,1,3,1,1,4,1,1,6,24,2835000,3,0,0,1,3,0
7,746,35,1,3,1,2,2,0,1,7,36,6948000,2,0,0,1,3,0
8,762,61,1,0,1,1,4,3,1,8,12,3059000,2,0,0,1,3,0
9,772,28,1,2,1,1,2,0,1,9,30,5234000,4,0,0,2,1,1
10,768,25,0,1,1,2,1,1,1,10,12,1295000,3,0,0,1,3,1
11,886,24,0,1,1,2,4,1,1,11,48,4308000,3,0,0,1,3,1
12,155,22,0,1,1,1,1,1,1,12,12,1567000,1,0,0,1,3,0
13,79,60,1,3,1,1,4,3,1,13,24,1199000,4,0,0,2,1,1
14,56,28,0,1,1,2,4,1,1,14,15,1403000,2,0,0,1,3,0
15,669,32,0,1,1,1,2,3,1,15,24,1282000,4,0,0,1,3,1
16,107,53,1,3,1,1,4,1,1,16,24,2424000,4,0,0,2,1,0
17,791,25,1,3,1,1,3,1,1,17,30,8072000,2,0,0,3,4,0
18,176,44,0,1,1,0,2,0,1,18,24,12579000,4,0,0,1,3,1
19,620,31,1,3,2,1,2,1,1,19,24,3430000,3,0,0,1,3,0
20,375,48,1,3,1,1,4,1,1,20,9,2134000,4,0,0,3,1,0
21,193,44,1,3,2,2,3,1,1,21,6,2647000,2,0,0,1,3,0
22,831,48,1,3,2,2,3,3,0,22,10,2241000,1,0,0,2,1,0
23,703,44,1,3,1,1,4,1,1,23,12,1804000,3,0,0,1,1,0
24,924,26,1,2,1,1,1,1,0,24,10,2069000,2,0,0,2,1,0
25,37,36,1,3,1,1,2,3,1,25,6,1374000,1,0,0,1,3,0
26,561,39,1,2,1,1,4,3,1,26,6,426000,4,0,0,1,4,0
27,752,42,0,1,1,2,3,1,1,27,12,409000,3,0,0,2,0,0
28,476,34,1,3,1,1,2,1,1,28,7,2415000,3,0,1,1,3,0
29,252,63,1,3,1,1,4,1,1,29,60,6836000,3,0,0,2,2,1
30,363,36,1,2,1,1,3,1,1,30,18,1913000,3,0,0,1,3,0
31,819,27,1,3,1,1,2,1,1,31,24,4020000,2,0,0,1,3,0
32,214,30,1,3,1,1,2,1,1,32,18,5866000,2,0,0,2,3,0
33,964,57,1,3,1,2,4,3,1,33,12,1264000,4,0,0,1,1,0
34,980,33,0,1,1,1,1,0,1,34,12,1474000,4,0,0,1,3,0
35,525,25,1,3,1,1,2,3,1,35,45,4746000,4,0,0,2,1,1
36,712,31,1,3,1,0,3,1,1,36,48,6110000,1,0,0,1,1,0
37,265,37,1,3,1,1,2,1,1,37,18,2100000,4,1,0,1,3,1
38,399,37,1,3,1,1,2,1,1,38,10,1225000,2,0,0,1,3,0
39,556,24,1,3,1,1,3,1,1,39,9,458000,4,0,0,1,3,0
40,957,30,1,3,1,1,2,0,1,40,30,2333000,4,0,0,1,3,0
41,101,26,1,0,1,1,1,1,1,41,12,1158000,3,0,0,1,3,0
42,454,44,1,3,2,1,4,3,1,42,18,6204000,2,0,0,1,2,0
43,322,24,1,2,1,2,4,1,1,43,30,6187000,1,0,0,2,1,0
44,175,58,0,1,1,0,4,3,1,44,48,6143000,4,0,0,2,1,1
45,659,35,0,1,1,1,4,0,1,45,11,1393000,4,0,0,2,1,0
46,763,39,1,3,1,1,4,1,1,46,36,2299000,4,0,0,1,3,0
47,337,23,0,1,1,2,2,2,1,47,6,1352000,1,0,0,1,3,0
48,736,39,1,3,1,1,4,3,1,48,11,7228000,1,0,0,2,1,0
49,106,28,0,1,1,1,2,1,1,49,12,2073000,4,1,0,1,3,0
50,931,29,1,3,1,1,2,3,1,50,24,2333000,4,0,0,1,2,0
51,830,30,1,3,1,1,2,0,1,51,27,5965000,1,0,0,2,2,0
52,915,25,1,3,1,1,2,1,1,52,12,1262000,3,0,0,1,3,0
53,465,31,1,3,1,1,1,1,1,53,18,3378000,2,0,0,1,3,0
54,51,57,1,3,1,0,4,1,1,54,36,2225000,4,0,0,2,2,1
55,968,26,1,3,2,1,2,3,1,55,6,783000,1,0,1,1,0,0
56,302,52,1,3,1,1,1,0,1,56,12,6468000,2,0,0,1,3,1
57,591,31,0,1,1,1,2,1,1,57,36,9566000,2,0,0,2,1,0
58,390,23,0,1,1,1,2,0,1,58,18,1961000,3,0,0,1,3,0
59,196,23,0,1,1,2,4,3,1,59,36,6229000,4,1,0,2,1,1
60,527,27,1,2,1,1,1,1,1,60,9,1391000,2,0,0,1,3,0
61,550,50,1,3,1,1,4,1,1,61,15,1537000,4,0,1,2,1,0
62,892,61,1,3,1,0,4,0,1,62,36,1953000,4,0,0,1,4,1
63,230,25,1,3,1,1,2,1,1,63,48,14421000,2,0,0,1,4,1
64,800,26,0,1,1,1,4,1,1,64,24,3181000,4,0,0,1,3,0
65,35,48,1,3,2,1,4,1,1,65,27,5190000,4,0,0,4,3,0
66,472,29,0,1,1,1,2,1,1,66,12,2171000,2,0,0,1,3,0
67,773,22,1,2,1,1,1,1,1,67,12,1007000,4,0,0,1,3,0
68,328,37,1,3,1,0,4,1,1,68,36,1819000,4,0,0,1,3,1
69,775,25,0,1,1,1,4,1,1,69,36,2394000,4,0,0,1,3,0
70,424,30,0,1,1,1,2,1,1,70,36,8133000,1,0,0,1,3,0
71,874,46,1,3,1,2,2,3,1,71,7,730000,4,0,0,2,1,0
72,580,51,1,3,2,0,4,0,1,72,8,1164000,3,0,0,2,1,0
73,794,41,0,1,1,1,1,3,1,73,42,5954000,2,0,0,2,1,0
74,438,40,1,3,1,1,4,0,1,74,36,1977000,4,0,0,1,3,1
75,660,66,1,3,1,0,4,0,1,75,12,1526000,4,0,0,2,1,0
76,670,34,1,3,1,1,3,1,1,76,42,3965000,4,0,0,1,3,1
77,50,51,1,3,1,1,4,1,1,77,11,4771000,2,0,0,1,2,0
78,728,39,1,3,2,1,2,3,1,78,54,9436000,2,0,0,1,4,0
79,912,22,1,2,1,1,1,1,1,79,30,3832000,2,0,0,1,3,0
80,351,44,0,1,1,1,1,1,1,80,24,5943000,1,0,0,2,3,1
81,665,47,1,3,1,1,3,1,1,81,15,1213000,4,0,0,1,3,0
82,3,24,0,1,1,2,4,3,1,82,18,1568000,3,0,0,1,3,0
83,619,58,0,1,1,1,4,3,1,83,24,1755000,4,0,1,1,3,0
84,166,52,1,3,1,1,4,3,1,84,10,2315000,3,0,0,1,3,0
85,84,29,0,1,1,1,2,0,1,85,12,1412000,4,0,1,2,1,0
86,558,27,0,1,1,1,1,1,1,86,18,1295000,4,0,0,2,1,0
87,572,47,1,3,2,0,4,1,1,87,36,12612000,1,0,0,1,3,1
88,692,30,1,3,2,1,3,0,1,88,18,2249000,4,0,0,1,3,0
89,32,28,1,3,1,1,3,1,1,89,12,1108000,4,0,0,2,4,1
90,309,56,1,3,1,1,4,1,1,90,12,618000,4,0,0,1,1,0
91,349,54,1,3,1,1,3,1,1,91,12,1409000,4,0,0,1,1,0
92,595,33,0,1,2,1,3,3,1,92,12,797000,4,0,0,1,1,1
93,138,20,1,3,1,2,4,1,1,93,24,3617000,4,1,0,2,1,0
94,757,54,1,3,1,1,4,1,1,94,12,1318000,4,0,0,1,3,0
95,364,58,1,3,1,2,4,1,1,95,54,15945000,3,0,0,1,4,1
96,610,61,0,1,1,1,2,1,1,96,12,2012000,4,0,0,1,1,0
97,979,34,1,3,1,1,4,1,1,97,18,2622000,4,0,0,1,3,0
98,552,36,1,3,1,1,4,1,1,98,36,2337000,4,0,0,1,1,0
99,622,36,1,3,2,2,4,0,1,99,20,7057000,3,0,0,2,2,0
100,246,41,1,2,1,2,4,3,1,100,24,1469000,4,0,0,1,3,0
101,431,24,1,3,1,2,4,1,1,101,36,2323000,4,0,0,1,3,0
102,631,24,0,1,1,1,2,1,1,102,6,932000,3,0,0,1,2,0
103,994,35,1,3,1,2,3,1,1,103,9,1919000,4,0,0,1,1,0
104,13,26,1,2,1,2,4,1,1,104,12,2445000,2,0,0,1,3,0
105,485,39,1,3,2,1,3,0,1,105,24,11938000,2,1,0,2,1,1
106,664,39,1,3,2,1,4,0,1,106,18,6458000,2,0,0,2,0,1
107,469,32,1,3,1,1,2,1,1,107,12,6078000,2,0,0,1,3,0
108,738,30,0,1,1,1,2,1,0,108,24,7721000,1,0,0,1,3,0
109,807,35,1,2,1,1,2,1,1,109,14,1410000,1,0,0,1,3,0
110,142,31,1,0,2,1,2,1,1,110,6,1449000,1,0,0,2,2,0
111,766,23,0,1,1,2,4,1,1,111,15,392000,4,0,0,1,3,0
112,253,28,1,3,1,2,3,3,1,112,18,6260000,3,0,0,1,3,0
113,721,25,0,1,1,1,2,1,1,113,36,7855000,4,0,0,2,1,1
114,352,35,1,2,1,1,1,1,1,114,12,1680000,3,0,0,1,3,0
115,927,47,1,3,1,1,1,1,1,115,48,3578000,4,0,0,1,1,0
116,152,30,0,1,1,1,3,0,1,116,42,7174000,4,0,0,1,3,1
117,116,27,0,1,1,2,3,1,0,117,10,2132000,2,1,0,2,1,0
118,674,23,0,1,1,1,4,1,1,118,33,4281000,1,0,0,2,1,1
119,296,36,1,0,1,1,3,0,1,119,12,2366000,3,0,0,1,1,0
120,473,25,0,1,1,1,2,1,1,120,21,1835000,3,0,0,2,3,1
121,78,41,0,1,1,2,2,0,1,121,24,3868000,4,0,0,2,1,0
122,203,24,1,3,1,2,2,3,1,122,12,1768000,3,0,0,1,3,0
123,934,63,1,3,1,0,4,1,1,123,10,781000,4,0,0,2,1,0
124,764,27,0,1,1,2,3,1,1,124,18,1924000,4,0,0,1,3,1
125,74,30,1,3,1,1,2,1,1,125,12,2121000,4,0,0,2,1,0
126,76,40,1,2,1,1,2,3,1,126,12,701000,4,0,0,1,3,0
127,731,30,1,3,1,1,2,1,1,127,12,639000,4,0,0,1,3,1
128,24,34,1,3,1,1,2,0,1,128,12,1860000,4,0,0,2,1,0
129,291,29,0,1,1,1,2,1,1,129,12,3499000,3,1,0,2,1,1
130,58,24,0,1,1,1,2,1,1,130,48,8487000,1,0,0,1,3,0
131,884,29,1,3,1,1,3,1,1,131,36,6887000,4,0,0,1,2,1
132,93,27,1,3,1,1,3,3,1,132,15,2708000,2,0,0,2,3,0
133,903,47,1,3,1,0,4,1,1,133,18,1984000,4,0,0,2,3,0
134,463,21,0,1,1,1,4,1,1,134,60,10144000,2,0,0,1,3,0
135,559,38,0,1,1,1,2,1,1,135,12,1240000,4,0,0,2,1,0
136,596,27,1,3,1,1,2,1,1,136,27,8613000,2,0,0,2,2,0
137,314,66,1,3,1,1,3,3,1,137,12,766000,4,0,0,1,3,1
138,409,35,1,3,1,1,2,1,1,138,15,2728000,4,0,1,3,1,0
139,544,44,0,1,1,2,2,3,1,139,12,1881000,2,0,0,1,3,0
140,23,27,1,2,1,1,2,2,0,140,6,709000,2,0,0,1,3,0
141,382,30,0,1,1,1,1,0,1,141,36,4795000,4,0,0,1,3,0
142,720,27,1,3,1,1,2,0,1,142,27,3416000,3,0,0,1,3,0
143,998,22,1,3,1,1,2,1,1,143,18,2462000,2,0,0,1,3,1
144,838,23,0,1,1,1,4,1,1,144,21,2288000,4,0,0,1,1,0
145,358,30,1,3,1,1,2,1,1,145,48,3566000,4,0,0,1,0,0
146,326,39,0,1,1,1,4,1,1,146,6,860000,1,0,0,2,1,0
147,540,51,0,1,1,1,3,1,1,147,12,682000,4,0,0,2,1,0
148,993,28,1,3,1,1,2,1,1,148,36,5371000,3,0,1,2,1,0
149,918,46,1,3,1,1,4,1,1,149,18,1582000,4,0,0,2,1,0
150,350,42,1,3,2,0,4,1,1,150,6,1346000,2,0,0,1,3,0
151,407,38,1,3,1,1,4,1,0,151,10,1924000,1,0,0,1,3,0
152,512,24,1,3,1,1,1,1,1,152,36,5848000,4,0,0,1,3,0
153,17,29,0,1,1,2,4,1,1,153,24,7758000,2,0,0,1,1,0
154,154,36,1,3,1,2,4,0,1,154,24,6967000,4,0,0,1,2,0
155,917,20,0,1,1,2,4,1,1,155,12,1282000,2,0,0,1,3,1
156,248,48,1,3,2,1,4,1,0,156,9,1288000,3,0,1,2,1,0
157,729,45,1,2,1,1,1,3,1,157,12,339000,4,0,0,1,0,0
158,716,38,1,3,1,1,3,1,1,158,24,3512000,2,0,0,2,3,0
159,689,34,1,3,2,1,2,3,1,159,6,1898000,1,0,0,2,1,0
160,100,36,1,3,2,1,4,1,1,160,24,2872000,3,0,0,1,1,0
161,416,30,0,1,1,1,1,1,1,161,18,1055000,4,0,0,2,1,0
162,36,36,1,3,1,1,3,1,1,162,15,1262000,4,0,0,2,3,0
163,641,70,1,3,1,0,4,0,1,163,10,7308000,2,0,0,1,3,0
164,784,36,1,3,1,1,4,1,1,164,36,909000,4,0,0,1,3,0
165,206,32,1,3,1,1,2,1,1,165,6,2978000,1,0,0,1,3,0
166,204,33,0,1,1,1,2,1,1,166,18,1131000,4,0,0,1,3,1
167,739,20,0,1,1,1,1,1,1,167,11,1577000,4,0,0,1,3,0
168,95,25,0,1,1,2,4,1,1,168,24,3972000,2,0,0,1,3,0
169,842,31,1,0,1,1,4,1,1,169,24,1935000,4,0,0,2,1,1
170,827,33,1,3,2,2,3,1,1,170,15,950000,4,0,0,2,4,1
171,368,26,0,1,1,1,1,1,1,171,12,763000,4,0,0,1,3,0
172,330,34,0,1,1,1,2,0,1,172,24,2064000,3,0,0,1,2,1
173,896,33,1,3,1,1,2,1,0,173,8,1414000,4,0,1,1,3,0
174,814,26,1,3,1,1,1,1,1,174,21,3414000,2,0,0,2,2,1
175,25,53,0,1,1,1,1,0,1,175,30,7485000,4,0,0,1,0,1
176,676,42,1,0,1,1,1,1,1,176,12,2577000,2,0,0,1,3,0
177,508,52,1,3,1,1,4,1,1,177,6,338000,4,0,0,2,1,0
178,745,31,1,3,2,2,2,0,1,178,12,1963000,4,0,0,2,3,0
179,59,65,1,3,1,1,4,1,1,179,21,571000,4,0,0,2,1,0
180,286,28,1,0,1,1,1,1,1,180,36,9572000,1,0,0,2,2,1
181,257,30,1,0,1,1,2,0,1,181,36,4455000,2,0,0,2,2,1
182,748,40,1,3,2,1,2,3,1,182,21,1647000,4,0,0,2,0,1
183,259,50,1,3,1,1,4,1,1,183,24,3777000,4,0,0,1,1,0
184,71,36,1,3,2,1,4,1,1,184,18,884000,4,0,0,1,1,1
185,637,31,1,3,1,1,2,1,1,185,15,1360000,4,0,0,2,1,0
186,663,74,0,1,2,0,4,0,1,186,9,5129000,2,0,0,1,0,1
187,234,68,1,3,1,0,3,2,1,187,16,1175000,2,0,0,3,1,0
188,417,20,1,2,1,1,1,1,1,188,12,674000,4,0,0,1,3,1
189,873,33,0,1,1,1,4,1,1,189,18,3244000,1,0,0,2,4,0
190,732,54,1,3,1,1,3,0,1,190,24,4591000,2,0,0,3,3,1
191,457,34,1,3,2,0,4,3,1,191,48,3844000,4,0,0,1,4,1
192,325,36,1,3,2,1,2,1,1,192,27,3915000,4,0,0,1,3,1
193,598,29,1,2,1,2,2,1,1,193,6,2108000,2,0,0,1,3,0
194,877,21,1,3,1,2,4,1,1,194,45,3031000,4,0,1,1,3,1
195,519,34,0,1,1,1,3,0,1,195,9,1501000,2,0,0,2,1,1
196,435,28,0,1,1,1,1,1,1,196,6,1382000,1,0,0,2,1,0
197,930,27,0,1,1,2,4,1,1,197,12,951000,4,0,0,4,3,1
198,940,36,1,3,1,0,4,1,1,198,24,2760000,4,0,0,1,3,0
199,753,40,1,0,1,1,3,0,1,199,18,4297000,4,0,0,1,2,1
200,851,52,1,3,1,1,2,1,1,200,9,936000,4,0,0,2,1,0
201,471,27,1,2,1,1,3,3,1,201,12,1168000,4,0,0,1,3,0
202,697,26,1,3,1,1,4,1,1,202,27,5117000,3,0,0,2,2,0
203,199,21,1,2,1,2,4,1,1,203,12,902000,4,0,0,1,3,1
204,648,38,1,3,2,1,1,3,1,204,12,1495000,4,0,0,2,1,0
205,156,38,1,3,2,0,4,0,1,205,30,10623000,3,0,0,3,1,0
206,779,43,1,3,1,1,4,1,1,206,12,1935000,4,0,0,3,1,0
207,189,26,1,3,1,1,3,1,1,207,12,1424000,4,0,0,1,1,0
208,414,21,1,2,1,1,2,3,1,208,24,6568000,2,0,0,1,3,0
209,171,55,1,3,1,1,2,1,0,209,12,1413000,3,0,0,1,3,0
210,571,33,1,3,2,1,2,1,1,210,9,3074000,1,0,0,2,1,0
211,971,45,0,1,1,1,4,3,1,211,36,3835000,2,0,0,1,3,0
212,617,50,1,3,1,1,4,1,1,212,27,5293000,2,0,0,2,4,1
213,850,66,1,3,1,1,4,0,1,213,30,1908000,4,0,0,1,2,1
214,501,51,1,3,1,1,2,1,1,214,36,3342000,4,0,0,1,1,0
215,717,39,0,1,1,1,3,3,1,215,6,932000,1,0,0,2,1,0
216,709,31,1,3,1,1,1,1,1,216,18,3104000,3,0,0,1,4,0
217,737,23,1,3,1,1,2,1,1,217,36,3913000,2,0,0,1,3,0
218,445,24,1,0,1,2,2,3,1,218,24,3021000,2,0,0,1,3,0
219,269,64,0,1,1,1,4,1,1,219,10,1364000,2,0,0,1,3,0
220,209,26,1,2,1,1,1,3,1,220,12,625000,4,0,1,1,3,0
221,632,23,0,1,1,2,4,1,1,221,12,1200000,4,0,0,1,3,0
222,581,30,1,3,1,1,2,1,1,222,12,707000,4,0,0,2,3,0
223,29,32,1,3,2,1,4,1,1,223,24,2978000,4,0,0,2,2,0
224,817,30,1,3,1,1,2,1,1,224,15,4657000,3,0,0,1,3,0
225,542,27,1,3,1,1,2,1,1,225,36,2613000,4,0,0,2,4,0
226,799,27,1,3,1,1,2,1,1,226,48,10961000,1,1,0,2,3,1
227,434,53,1,3,1,0,4,0,1,227,12,7865000,4,0,0,1,3,1
228,945,22,1,3,1,1,2,1,1,228,9,1478000,4,0,0,1,3,1
229,857,22,1,3,1,0,1,1,1,229,24,3149000,4,0,0,1,3,0
230,585,26,1,3,1,1,2,1,1,230,36,4210000,4,0,0,1,3,1
231,488,51,1,3,1,0,4,3,1,231,9,2507000,2,0,0,1,3,0
232,769,35,1,3,1,1,1,1,1,232,12,2141000,3,0,0,1,3,0
233,450,25,1,2,1,1,2,3,1,233,18,866000,4,0,1,1,3,0
234,551,42,1,3,2,1,1,3,1,234,4,1544000,2,0,0,3,1,0
235,134,30,1,3,2,1,2,0,1,235,24,1823000,4,0,0,1,3,1
236,880,23,1,3,1,1,2,2,1,236,6,14555000,1,0,0,1,3,1
237,228,61,1,0,1,2,2,3,1,237,21,2767000,4,0,0,2,3,1
238,810,35,0,1,1,1,2,1,1,238,12,1291000,4,0,0,2,1,0
239,377,39,1,3,2,1,3,1,1,239,30,2522000,1,0,1,1,3,0
240,181,29,0,1,1,1,2,1,1,240,24,915000,4,0,0,1,3,1
241,822,51,1,3,2,1,2,1,1,241,6,1595000,3,0,0,1,3,0
242,590,24,1,3,2,0,4,1,1,242,48,4605000,3,0,0,2,4,1
243,740,27,0,1,1,1,2,1,1,243,12,1185000,3,0,0,2,1,0
244,579,35,0,1,2,1,3,3,1,244,12,3447000,4,0,0,1,0,0
245,401,25,1,3,1,1,1,1,1,245,24,1258000,4,0,0,1,3,0
246,640,52,1,3,1,1,4,1,1,246,12,717000,4,0,0,3,1,0
247,506,35,1,3,1,2,1,1,0,247,6,1204000,4,0,0,1,4,0
248,687,26,1,3,1,1,2,1,1,248,24,1925000,2,0,0,1,3,0
249,197,22,0,1,1,2,4,1,1,249,18,433000,3,1,0,1,3,1
250,881,39,0,1,1,1,4,3,1,250,6,666000,3,0,0,2,1,0
251,515,46,0,1,1,1,2,3,1,251,12,2251000,1,0,0,1,3,0
252,565,24,0,1,1,1,2,1,1,252,30,2150000,4,0,1,1,3,1
253,985,35,1,3,1,1,3,1,1,253,24,4151000,2,0,0,2,2,0
254,723,24,1,3,1,1,1,1,1,254,9,2030000,2,0,0,1,3,0
255,681,27,1,3,1,1,1,3,1,255,60,7418000,1,0,0,1,2,0
256,402,35,1,3,1,1,2,3,1,256,24,2684000,4,0,0,2,1,0
257,49,29,1,0,1,0,1,1,1,257,12,2149000,4,0,0,1,0,1
258,343,23,0,1,1,1,4,1,1,258,15,3812000,1,0,0,1,3,0
259,484,57,0,1,1,1,4,3,1,259,11,1154000,4,0,0,3,1,0
260,288,27,1,3,1,1,2,1,1,260,12,1657000,2,0,0,1,3,0
261,569,55,0,1,1,1,4,1,1,261,24,1603000,4,0,0,1,3,0
262,529,36,1,3,1,0,4,0,1,262,18,5302000,2,0,0,3,1,0
263,109,57,0,1,1,0,4,3,1,263,12,2748000,2,0,0,3,1,0
264,491,32,1,3,2,1,4,3,0,264,10,1231000,3,0,0,2,1,0
265,925,37,1,3,2,1,3,1,1,265,15,802000,4,0,0,1,3,1
266,667,36,1,3,1,1,4,1,1,266,36,6304000,4,0,0,2,1,0
267,157,38,0,1,1,1,3,1,1,267,24,1533000,4,0,0,1,3,0
268,236,45,1,0,1,1,4,0,0,268,14,8978000,1,0,0,1,3,1
269,673,25,1,3,1,1,2,1,1,269,24,999000,4,0,0,2,3,0
270,105,32,1,3,1,1,3,1,0,270,18,2662000,4,0,0,1,3,0
271,804,37,0,1,1,2,4,1,1,271,12,1402000,3,0,0,1,1,0
272,871,36,1,3,1,0,4,0,1,272,48,12169000,4,1,0,1,0,0
273,52,28,1,3,1,1,4,1,1,273,48,3060000,4,0,0,2,3,1
274,494,34,1,0,1,1,1,3,1,274,30,11998000,1,0,0,1,3,1
275,893,32,1,3,2,1,2,1,1,275,9,2697000,1,0,0,1,3,0
276,947,26,0,1,1,1,2,1,1,276,18,2404000,2,0,0,2,1,0
277,900,49,1,0,1,1,4,3,1,277,12,1262000,2,0,0,1,3,0
278,190,32,0,1,1,1,4,1,1,278,6,4611000,1,0,0,1,3,1
279,808,29,1,3,1,2,4,0,1,279,24,1901000,4,0,0,1,3,0
280,826,23,1,3,1,2,4,1,1,280,15,3368000,3,0,0,2,1,0
281,173,50,1,3,1,1,2,1,1,281,12,1574000,4,0,0,1,3,0
282,31,49,1,3,1,1,4,3,1,282,18,1445000,4,0,0,1,0,0
283,920,63,1,3,1,1,4,1,1,283,15,1520000,4,0,0,1,1,0
284,943,37,1,0,1,1,2,1,1,284,24,3878000,4,0,0,1,1,0
285,353,35,0,1,1,1,1,3,1,285,47,10722000,1,0,0,1,3,0
286,396,26,1,3,2,1,3,1,1,286,48,4788000,4,0,0,1,3,0
287,816,31,1,3,1,0,4,0,1,287,48,7582000,2,0,0,1,2,0
288,910,49,0,1,1,1,4,1,1,288,12,1092000,4,0,1,2,3,0
289,319,48,1,2,1,1,4,1,1,289,24,1024000,4,0,0,1,2,1
290,726,26,1,2,1,1,2,1,0,290,12,1076000,2,0,0,1,3,0
291,274,28,1,2,1,2,4,0,1,291,36,9398000,1,0,0,1,3,1
292,64,44,0,1,2,0,4,0,1,292,24,6419000,2,0,0,2,1,0
293,147,56,1,3,1,0,4,1,1,293,42,4796000,4,0,0,1,1,0
294,539,46,1,0,2,1,2,0,1,294,48,7629000,4,0,0,2,1,0
295,535,26,0,1,1,1,2,1,1,295,48,9960000,1,0,0,1,3,1
296,387,20,0,1,1,2,4,1,1,296,12,4675000,1,0,0,1,3,0
297,281,45,1,3,1,1,2,3,0,297,10,1287000,4,1,0,1,3,0
298,22,43,1,3,1,1,4,1,1,298,18,2515000,3,0,0,1,3,0
299,338,32,1,3,1,1,2,1,1,299,21,2745000,3,0,0,2,1,0
300,240,54,0,1,1,1,4,2,1,300,6,672000,1,0,0,1,3,0
301,744,42,0,1,1,1,1,1,1,301,36,3804000,4,0,0,1,4,1
302,367,37,1,3,2,1,2,3,1,302,24,1344000,4,0,0,2,1,1
303,592,49,1,3,1,1,3,1,1,303,10,1038000,4,1,0,2,1,0
304,771,44,1,3,1,0,2,1,1,304,48,10127000,2,0,0,1,1,1
305,509,33,1,0,1,1,2,1,1,305,6,1543000,4,0,0,1,3,0
306,840,24,0,1,1,2,4,3,1,306,30,4811000,2,0,0,1,3,0
307,323,33,1,2,1,1,3,3,1,307,12,727000,4,0,0,1,3,1
308,125,24,0,1,1,1,4,1,1,308,8,1237000,3,0,0,1,3,1
309,170,22,1,2,1,2,4,3,1,309,9,276000,4,0,0,1,3,0
310,513,40,1,3,1,0,4,2,1,310,48,5381000,3,0,0,1,3,0
311,828,25,1,3,1,1,1,1,1,311,24,5511000,4,0,0,1,3,0
312,174,26,0,1,1,1,4,1,1,312,24,3749000,2,0,0,1,3,0
313,789,25,1,2,1,1,3,3,1,313,12,685000,2,0,0,1,3,1
314,524,29,1,3,2,1,2,3,0,314,4,1494000,1,0,0,1,3,0
315,303,31,1,3,1,1,4,1,1,315,36,2746000,4,0,0,1,0,1
316,80,38,1,3,2,1,3,3,1,316,12,708000,2,0,1,1,3,0
317,497,48,0,1,1,1,4,3,1,317,24,4351000,1,0,0,1,3,0
318,191,32,1,3,1,1,2,1,1,318,12,701000,4,0,0,2,1,0
319,653,27,0,1,1,1,4,3,1,319,15,3643000,1,0,0,2,2,0
320,398,28,1,2,1,1,2,0,1,320,30,4249000,4,0,0,2,1,1
321,307,32,1,0,1,1,3,1,1,321,24,1938000,4,0,0,1,3,1
322,455,34,1,3,1,0,1,0,1,322,24,2910000,2,0,0,1,3,0
323,126,28,1,3,1,1,2,1,1,323,18,2659000,4,0,0,1,3,0
324,408,36,0,1,1,1,3,1,1,324,18,1028000,4,0,0,2,1,0
325,10,39,1,3,1,1,4,3,0,325,8,3398000,1,0,0,2,1,0
326,27,49,1,3,1,2,4,1,1,326,12,5801000,2,0,0,1,1,0
327,780,34,0,1,2,1,3,1,1,327,24,1525000,4,0,0,1,3,0
328,899,31,1,3,1,1,2,1,1,328,36,4473000,4,0,0,1,3,0
329,913,28,1,3,2,1,4,1,1,329,6,1068000,4,0,0,1,3,0
330,341,75,1,3,1,0,4,0,1,330,24,6615000,2,0,0,2,1,0
331,989,30,0,1,1,1,2,1,1,331,18,1864000,4,0,0,2,1,1
332,334,24,0,1,1,1,2,0,1,332,60,7408000,4,0,0,1,3,1
333,686,24,0,1,1,2,4,3,1,333,48,11590000,2,0,0,2,1,1
334,798,23,1,3,2,2,4,1,1,334,24,4110000,3,0,0,2,4,1
335,460,44,1,0,1,2,4,0,1,335,6,3384000,1,0,0,1,1,1
336,793,23,0,1,1,1,4,3,1,336,13,2101000,2,0,1,1,3,0
337,711,24,0,1,1,2,2,1,1,337,15,1275000,4,0,0,1,3,1
338,475,28,1,3,1,1,4,1,1,338,24,4169000,4,0,0,1,3,0
339,103,31,1,0,1,1,2,3,1,339,10,1521000,4,0,0,1,3,0
340,555,24,0,1,1,0,4,1,1,340,24,5743000,2,0,0,2,1,0
341,108,26,0,1,1,2,4,3,1,341,21,3599000,1,0,0,1,3,0
342,92,25,1,2,1,2,3,1,1,342,18,3213000,1,0,0,1,3,0
343,370,33,1,3,1,1,1,0,1,343,18,4439000,1,1,0,1,3,0
344,605,37,1,3,2,1,1,3,1,344,10,3949000,1,0,1,1,3,0
345,439,43,0,1,1,1,2,3,1,345,15,1459000,4,0,0,1,1,0
346,516,23,1,3,1,1,4,1,1,346,13,882000,4,0,1,2,1,0
347,245,23,0,1,1,2,4,2,1,347,24,3758000,1,0,0,1,3,0
348,521,34,1,3,1,1,2,3,1,348,6,1743000,1,0,0,2,2,0
349,355,32,1,3,2,0,3,1,1,349,9,1136000,4,0,0,2,1,1
350,601,23,0,1,1,2,4,1,1,350,9,1236000,1,0,0,1,3,0
351,86,29,0,1,1,1,2,1,0,351,9,959000,1,0,0,1,3,1
352,876,38,1,3,1,1,4,0,1,352,18,3229000,2,0,0,1,1,0
353,194,28,1,3,1,2,2,1,1,353,12,6199000,4,0,0,2,4,1
354,805,46,1,3,1,0,4,1,1,354,10,727000,4,0,0,1,3,0
355,365,23,1,3,1,1,2,3,1,355,24,1246000,4,0,0,1,3,1
356,40,49,1,3,1,1,4,1,1,356,12,2331000,1,1,0,1,1,0
357,891,26,1,3,1,1,2,0,1,357,36,4463000,4,0,0,2,2,1
358,373,28,1,2,1,1,2,1,1,358,12,776000,4,0,0,1,3,0
359,149,23,0,1,1,2,4,1,1,359,30,2406000,4,0,0,1,3,1
360,801,61,1,3,1,0,4,1,1,360,18,1239000,4,0,0,1,3,0
361,875,37,1,3,1,1,3,0,1,361,12,3399000,2,0,0,1,3,0
362,46,36,0,1,1,1,2,1,1,362,12,2247000,2,0,0,2,2,0
363,442,21,1,2,1,2,2,1,1,363,6,1766000,1,0,0,1,3,0
364,268,25,1,3,1,1,1,2,1,364,18,2473000,4,0,0,1,3,1
365,315,36,1,3,1,1,4,1,1,365,12,1542000,2,0,0,1,3,0
366,127,27,1,3,1,1,1,1,1,366,18,3850000,3,0,0,2,1,0
367,858,22,0,1,1,2,4,1,1,367,18,3650000,1,0,0,1,3,0
368,452,42,1,3,2,1,2,1,1,368,36,3446000,4,0,0,1,3,1
369,384,40,0,1,1,2,4,1,1,369,18,3001000,2,0,0,1,3,0
370,437,36,1,3,1,1,4,1,1,370,36,3079000,4,0,0,1,3,0
371,237,33,1,3,1,1,4,1,1,371,18,6070000,3,0,0,2,1,0
372,479,23,0,1,1,2,3,1,1,372,10,2146000,1,0,0,2,1,0
373,743,63,1,3,1,0,4,0,1,373,60,13756000,2,0,0,1,1,0
374,700,60,0,1,1,0,4,0,1,374,60,14782000,3,0,0,2,0,1
375,649,37,0,1,1,2,4,1,1,375,48,7685000,2,0,1,1,0,1
376,755,34,1,2,1,1,3,1,1,376,18,2320000,2,0,0,2,2,0
377,887,36,1,3,1,0,4,1,1,377,7,846000,3,0,0,1,2,0
378,651,57,1,3,1,0,2,0,1,378,36,14318000,4,0,0,1,3,1
379,458,52,0,1,1,1,4,3,1,379,6,362000,4,0,0,2,1,0
380,39,39,1,3,1,1,4,1,1,380,20,2212000,4,0,0,1,3,0
381,502,38,0,1,1,0,4,0,1,381,18,12976000,3,0,0,1,3,1
382,536,25,0,1,1,2,4,1,1,382,22,1283000,4,0,0,1,3,0
383,905,26,1,3,1,1,1,1,1,383,12,1330000,4,0,0,1,3,0
384,403,26,1,3,1,1,2,3,1,384,30,4272000,2,0,0,2,2,0
385,61,25,0,1,1,1,1,1,1,385,18,2238000,2,0,0,2,1,0
386,111,21,0,1,1,2,2,1,1,386,18,1126000,4,0,0,1,3,0
387,992,40,1,3,1,1,4,0,1,387,18,7374000,4,0,0,2,1,0
388,432,27,1,3,1,1,4,1,1,388,15,2326000,2,0,0,1,1,0
389,374,27,0,1,1,1,2,1,1,389,9,1449000,3,0,0,2,3,0
390,575,30,1,2,1,1,2,0,1,390,18,1820000,2,0,0,1,3,0
391,678,19,0,1,1,2,4,3,1,391,12,983000,1,0,0,1,3,0
392,139,39,1,3,2,0,4,0,1,392,36,3249000,2,0,0,1,3,0
393,691,31,0,1,1,1,4,1,1,393,6,1957000,1,0,0,1,1,0
394,140,31,1,3,1,1,3,0,1,394,9,2406000,2,0,0,1,1,0
395,423,32,1,3,1,2,3,1,1,395,39,11760000,2,0,0,1,2,0
396,418,55,0,1,1,0,4,0,1,396,12,2578000,3,0,0,1,3,0
397,574,46,1,2,1,1,2,1,1,397,36,2348000,3,0,0,2,1,0
398,543,46,1,0,1,2,1,1,1,398,12,1223000,1,0,0,2,3,1
399,882,43,0,1,1,1,1,3,1,399,24,1516000,4,0,0,2,1,0
400,336,39,1,2,1,1,4,1,1,400,18,1473000,3,0,0,1,3,0
401,20,28,1,2,1,1,4,1,1,401,18,1887000,4,0,0,2,1,0
402,47,27,1,3,1,1,2,1,1,402,24,8648000,2,0,0,2,2,1
403,81,27,1,3,1,1,2,3,1,403,14,802000,4,0,0,2,2,0
404,634,43,1,3,2,1,4,1,1,404,18,2899000,4,0,0,1,2,0
405,823,22,1,2,1,1,1,1,1,405,24,2039000,1,0,0,1,3,1
406,388,43,1,3,2,1,4,1,1,406,24,2197000,4,0,0,2,1,0
407,145,27,1,2,1,1,2,1,0,407,15,1053000,4,0,0,1,3,0
408,812,26,1,0,1,1,2,0,1,408,24,3235000,3,0,0,1,3,0
409,43,28,1,2,1,1,2,1,1,409,12,939000,4,0,0,3,1,1
410,428,20,0,1,1,1,4,1,1,410,24,1967000,4,0,0,1,3,0
411,693,35,1,3,1,1,2,0,1,411,33,7253000,3,0,0,2,1,0
412,165,42,1,3,1,1,2,0,1,412,12,2292000,4,0,0,2,1,1
413,198,40,1,3,2,2,2,3,0,413,10,1597000,3,0,0,1,3,0
414,541,35,0,1,1,1,2,1,1,414,24,1381000,4,0,0,1,3,1
415,837,35,1,3,2,1,2,1,1,415,36,5842000,2,0,0,2,1,0
416,534,33,1,3,2,1,1,3,1,416,12,2579000,4,0,0,1,3,1
417,532,23,0,1,1,2,2,1,1,417,18,8471000,1,0,0,2,2,0
418,499,31,0,1,1,1,2,0,1,418,21,2782000,1,0,0,1,3,0
419,216,33,0,1,1,1,2,1,1,419,18,1042000,4,0,0,1,3,1
420,128,20,0,1,1,2,3,1,1,420,15,3186000,2,0,0,1,3,0
421,329,30,1,3,1,1,2,1,1,421,12,2028000,4,0,0,1,3,0
422,99,47,1,3,2,1,3,3,1,422,12,958000,2,0,0,2,1,0
423,298,34,1,3,1,1,3,0,1,423,21,1591000,4,0,0,2,2,0
424,742,25,0,1,1,1,2,1,1,424,12,2762000,1,0,0,1,3,1
425,564,21,1,2,1,2,3,1,1,425,18,2779000,1,0,0,1,3,0
426,359,29,1,3,1,1,2,1,1,426,28,2743000,4,0,0,2,1,0
427,859,46,1,3,1,1,3,1,1,427,18,1149000,4,0,0,2,1,0
428,684,20,1,3,1,1,4,1,1,428,9,1313000,1,0,0,1,3,0
429,885,55,0,1,2,0,4,2,1,429,18,1190000,2,0,0,3,1,1
430,507,74,1,3,1,1,4,3,1,430,5,3448000,1,0,0,1,3,0
431,229,29,1,3,1,1,3,0,1,431,24,11328000,2,1,0,2,3,1
432,760,36,1,3,1,0,4,0,1,432,6,1872000,4,0,0,3,1,0
433,867,33,1,0,1,1,2,1,1,433,24,2058000,4,0,0,2,1,0
434,271,25,1,3,1,1,2,1,1,434,9,2136000,3,0,0,1,3,0
435,972,25,1,2,1,1,1,1,1,435,12,1484000,2,0,0,1,3,1
436,849,23,1,2,1,2,4,3,1,436,6,660000,2,0,0,1,3,0
437,777,37,0,1,1,1,4,1,1,437,24,1287000,4,0,0,2,1,0
438,18,65,1,3,1,1,4,2,1,438,42,3394000,4,1,0,2,1,0
439,526,26,0,1,1,1,1,2,1,439,12,609000,4,0,0,1,0,1
440,487,39,1,3,1,1,4,0,1,440,12,1884000,4,0,0,1,3,0
441,495,30,0,1,1,1,3,1,1,441,12,1620000,2,1,0,1,3,0
442,263,29,1,3,1,1,3,1,1,442,20,2629000,2,0,0,2,2,0
443,825,41,1,3,2,1,4,3,1,443,12,719000,4,0,0,1,3,1
444,412,30,0,1,1,1,3,0,1,444,48,5096000,2,0,0,1,1,1
445,211,41,0,1,1,2,4,3,1,445,9,1244000,4,0,0,2,1,0
446,600,34,0,1,1,1,4,1,1,446,36,1842000,4,0,0,1,3,1
447,419,35,1,3,1,1,2,1,1,447,7,2576000,2,0,1,1,3,0
448,562,55,0,1,1,1,4,0,1,448,12,1424000,3,0,0,1,3,0
449,696,61,1,2,1,1,3,1,1,449,15,1512000,3,0,0,2,2,1
450,410,30,1,3,1,1,2,0,1,450,36,11054000,4,0,0,1,1,0
451,576,29,0,1,1,1,1,1,1,451,6,518000,3,0,0,1,3,0
452,609,34,1,3,1,1,4,1,1,452,12,2759000,2,0,0,2,4,0
453,612,35,1,3,1,1,4,0,1,453,24,2670000,4,0,0,1,3,0
454,862,31,1,3,1,1,3,1,1,454,24,4817000,2,1,0,1,3,1
455,339,29,0,1,1,1,1,0,1,455,24,2679000,4,0,0,1,3,0
456,38,36,1,3,2,2,2,1,1,456,11,3905000,2,0,0,2,1,0
457,802,35,1,3,1,0,4,1,1,457,12,3386000,3,0,0,1,3,1
458,277,27,0,1,1,1,1,1,1,458,6,343000,4,0,0,1,3,0
459,449,32,1,3,1,1,2,1,1,459,18,4594000,3,0,0,1,3,0
460,952,37,1,3,2,1,2,1,1,460,36,3620000,1,0,1,1,3,0
461,865,36,1,3,1,1,3,1,1,461,15,1721000,2,0,0,1,3,0
462,14,34,0,1,1,2,1,0,1,462,12,3017000,3,0,0,1,3,0
463,179,38,1,3,1,1,4,1,1,463,12,754000,4,0,0,2,3,0
464,270,34,1,3,1,1,1,1,1,464,18,1950000,4,0,0,2,3,0
465,180,63,1,3,2,1,4,1,1,465,24,2924000,3,0,1,1,3,0
466,182,29,0,1,1,2,2,3,1,466,24,1659000,4,0,0,1,2,1
467,847,32,1,3,2,1,3,1,1,467,48,7238000,3,0,0,2,2,0
468,282,26,0,1,1,1,2,1,1,468,33,2764000,2,0,0,2,2,0
469,90,35,1,3,1,1,3,3,1,469,24,4679000,3,0,0,2,2,0
470,568,22,1,2,1,2,2,1,1,470,24,3092000,3,0,0,1,3,1
471,70,23,0,1,1,1,4,1,1,471,6,448000,4,0,0,1,3,1
472,366,28,1,3,1,1,3,3,1,472,9,654000,4,0,0,1,3,1
473,863,36,1,3,2,1,4,0,1,473,6,1238000,4,0,0,1,3,0
474,55,33,1,2,1,1,2,1,1,474,18,1245000,4,0,0,1,1,1
475,426,26,0,1,1,2,4,1,1,475,18,3114000,1,0,0,1,4,1
476,662,24,1,3,1,1,4,1,1,476,39,2569000,4,0,0,1,3,0
477,774,25,1,3,1,1,2,1,1,477,24,5152000,4,0,0,1,3,0
478,232,39,1,3,1,1,4,3,1,478,12,1037000,3,0,0,1,3,0
479,658,44,1,3,2,1,4,1,1,479,15,1478000,4,0,0,2,1,0
480,554,23,0,1,1,1,1,3,1,480,12,3573000,1,0,0,1,1,0
481,767,26,1,3,1,1,1,1,1,481,24,1201000,4,0,0,1,3,0
482,89,57,0,1,1,2,4,1,1,482,30,3622000,4,0,0,2,3,0
483,668,30,0,1,1,1,2,1,1,483,15,960000,3,0,0,2,2,0
484,879,44,1,3,1,1,4,1,1,484,12,1163000,4,0,0,1,1,0
485,582,47,1,3,1,1,4,0,1,485,6,1209000,4,0,0,1,2,1
486,207,52,1,3,1,1,4,1,1,486,12,3077000,2,0,0,1,3,0
487,481,62,0,1,1,0,4,1,1,487,24,3757000,4,1,0,1,3,0
488,294,35,1,3,1,2,2,3,0,488,10,1418000,3,0,0,1,3,0
489,161,26,1,3,1,2,3,1,1,489,6,3518000,2,0,1,1,3,0
490,965,26,1,3,1,1,2,1,1,490,12,1934000,2,0,0,2,1,0
491,958,42,0,1,1,0,4,0,1,491,27,8318000,2,0,0,2,4,1
492,870,27,0,1,1,1,1,1,1,492,6,1237000,1,0,0,2,1,0
493,835,38,1,3,1,1,4,1,1,493,6,368000,4,0,0,1,3,0
494,492,39,1,3,2,2,2,3,0,494,12,2122000,3,0,0,2,1,0
495,902,20,1,2,1,1,4,1,1,495,24,2996000,2,0,0,1,3,1
496,778,29,1,3,1,2,1,0,1,496,36,9034000,4,1,0,1,3,1
497,611,40,1,3,1,1,3,1,1,497,24,1585000,4,0,0,2,1,0
498,719,32,1,2,1,1,2,3,1,498,18,1301000,4,0,1,1,3,0
499,260,28,1,0,2,1,4,1,1,499,6,1323000,2,0,0,2,1,0
500,548,27,0,1,1,1,1,1,1,500,24,3123000,4,0,0,1,3,1
501,347,42,1,3,2,0,4,1,1,501,36,5493000,2,0,0,1,3,0
502,860,49,1,0,1,1,4,1,1,502,9,1126000,2,0,0,1,3,0
503,990,38,1,3,2,1,4,1,1,503,24,1216000,4,0,0,2,1,1
504,333,24,0,1,1,2,4,1,1,504,24,1207000,4,0,0,1,3,1
505,299,27,1,3,1,1,4,3,1,505,10,1309000,4,0,1,1,3,1
506,949,36,1,3,1,1,2,1,1,506,15,2360000,2,0,0,1,1,0
507,342,34,1,3,2,1,2,0,1,507,15,6850000,1,0,0,1,0,1
508,223,28,1,2,1,1,2,1,1,508,24,1413000,4,0,0,1,3,0
509,21,45,1,3,1,1,2,0,1,509,39,8588000,4,0,0,1,3,0
510,636,26,1,3,1,1,2,1,1,510,12,759000,4,0,0,1,3,1
511,577,32,1,3,1,0,2,0,1,511,36,4686000,2,0,0,1,3,0
512,391,26,1,3,1,2,4,1,1,512,15,2687000,2,0,0,1,3,0
513,589,20,1,2,1,2,4,1,1,513,12,585000,4,1,0,2,2,0
514,386,54,1,3,1,1,1,1,1,514,24,2255000,4,0,0,1,3,0
515,300,37,0,1,1,1,3,1,0,515,6,609000,4,0,0,2,1,0
516,205,40,1,3,2,1,4,3,0,516,6,1361000,2,0,0,1,1,0
517,177,23,0,1,1,2,4,1,1,517,36,7127000,2,0,0,2,1,1
518,710,43,1,3,1,1,2,1,1,518,6,1203000,3,0,0,1,3,0
519,517,36,1,3,1,0,4,1,1,519,6,700000,4,0,0,2,1,0
520,518,44,1,3,1,0,4,1,1,520,24,5507000,3,0,0,2,1,0
521,239,24,0,1,1,1,2,1,1,521,18,3190000,2,0,0,1,3,1
522,557,53,1,3,2,0,4,1,1,522,48,7119000,3,0,0,2,4,1
523,224,23,0,1,1,1,4,1,1,523,24,3488000,3,0,0,1,3,0
524,563,26,0,1,2,1,4,3,1,524,18,1113000,4,0,1,1,3,0
525,68,30,1,3,1,1,3,1,1,525,26,7966000,2,0,0,2,3,0
526,922,31,0,1,1,1,3,1,1,526,15,1532000,4,0,0,1,1,0
527,906,42,1,3,2,1,1,3,1,527,4,1503000,2,0,0,2,1,0
528,868,31,1,0,1,2,4,1,1,528,36,2302000,4,0,0,1,3,1
529,522,41,1,3,2,1,4,3,1,529,6,662000,3,0,0,1,3,0
530,702,32,1,3,2,1,1,1,1,530,36,2273000,3,0,0,2,3,0
531,272,28,0,1,1,2,4,1,1,531,15,2631000,2,0,0,2,3,1
532,707,41,1,2,1,2,4,1,1,532,12,1503000,4,0,0,1,2,0
533,7,26,1,2,1,1,3,1,1,533,24,1311000,4,0,0,1,3,0
534,250,25,1,3,1,1,2,1,1,534,24,3105000,4,0,0,2,3,0
535,597,33,1,0,1,2,1,1,1,535,21,2319000,2,0,0,1,1,1
536,321,75,0,1,1,1,3,0,1,536,6,1374000,4,0,0,1,3,0
537,883,37,0,1,1,1,4,1,1,537,18,3612000,3,0,0,1,1,0
538,818,42,1,3,1,0,4,0,1,538,48,7763000,4,0,0,1,3,1
539,846,45,0,1,1,1,1,3,1,539,18,3049000,1,0,0,1,3,0
540,159,23,1,2,1,2,1,1,1,540,12,1534000,1,0,0,1,3,1
541,98,60,1,3,1,0,4,1,1,541,24,2032000,4,0,0,2,2,0
542,293,31,1,3,1,1,4,1,1,542,30,6350000,4,0,0,1,3,1
543,786,34,1,3,2,1,1,3,1,543,18,2864000,2,0,0,1,3,1
544,185,61,1,3,1,1,4,3,1,544,12,1255000,4,0,0,2,1,0
545,907,43,1,3,2,0,2,1,1,545,24,1333000,4,0,0,2,2,1
546,220,37,0,1,1,1,4,1,1,546,24,2022000,4,0,0,1,1,0
547,389,32,1,3,2,1,1,1,1,547,24,1552000,3,0,0,1,3,0
548,704,24,0,1,1,1,4,3,1,548,12,626000,4,0,0,1,0,1
549,950,35,1,3,1,0,1,1,1,549,48,8858000,2,0,0,2,1,0
550,65,23,0,1,1,1,4,1,1,550,12,996000,4,0,0,2,1,0
551,953,45,1,3,2,1,4,3,1,551,6,1750000,2,0,0,1,0,0
552,112,34,1,2,1,1,1,1,1,552,48,6999000,1,0,1,2,3,1
553,841,27,1,3,1,1,1,1,1,553,12,1995000,4,0,0,1,1,0
554,327,67,0,1,1,1,4,0,1,554,9,1199000,4,0,0,2,3,0
555,124,22,1,3,1,1,1,1,1,555,12,1331000,2,0,0,1,3,1
556,305,28,0,1,1,1,3,1,1,556,18,2278000,3,0,0,2,4,1
557,16,29,0,1,1,1,4,1,1,557,21,5003000,1,0,0,2,4,1
558,969,27,1,3,1,1,4,1,1,558,24,3552000,3,0,0,1,0,1
559,172,31,1,3,1,1,2,3,1,559,18,1928000,2,0,0,2,1,1
560,88,49,1,3,2,0,4,1,1,560,24,2964000,4,0,0,1,3,0
561,461,24,1,3,1,2,4,3,1,561,24,1546000,4,0,1,1,0,1
562,988,29,0,1,1,1,1,1,1,562,6,683000,2,0,0,1,2,0
563,393,37,1,3,1,0,4,1,1,563,36,12389000,1,0,0,1,3,1
564,788,37,1,3,1,1,2,0,1,564,24,4712000,4,0,0,2,2,0
565,137,23,0,1,1,2,2,1,1,565,24,1553000,3,0,0,2,2,0
566,698,36,1,0,1,1,3,1,1,566,12,1372000,2,0,0,1,3,1
567,573,34,1,3,1,1,2,1,1,567,24,2578000,2,0,0,1,1,0
568,806,41,1,3,2,1,1,1,1,568,48,3979000,4,0,0,2,3,0
569,944,31,0,1,1,1,2,1,1,569,48,6758000,3,0,0,1,3,1
570,425,23,0,1,1,2,4,3,1,570,24,3234000,4,0,0,1,3,1
571,602,38,1,3,1,1,2,1,1,571,30,5954000,3,1,0,1,1,0
572,276,26,0,1,1,2,4,0,1,572,24,5433000,2,0,0,1,3,0
573,5,22,0,1,1,1,4,3,1,573,15,806000,4,0,0,1,3,0
574,379,27,1,3,1,1,4,3,1,574,9,1082000,4,0,0,2,3,0
575,995,24,0,1,1,1,3,1,1,575,15,2788000,2,1,0,2,1,0
576,493,27,0,1,1,1,1,1,1,576,12,2930000,2,0,0,1,3,0
577,238,33,0,1,1,1,2,1,1,577,24,1927000,3,0,0,2,1,0
578,530,27,1,0,1,1,4,1,1,578,36,2820000,4,0,0,2,1,1
579,456,27,1,2,1,1,3,3,1,579,24,937000,4,0,0,2,3,0
580,397,30,1,3,1,1,3,1,1,580,18,1056000,3,0,1,2,1,1
581,317,49,1,3,2,1,3,3,1,581,12,3124000,1,0,0,2,1,0
582,839,26,0,1,1,2,2,1,1,582,9,1388000,4,0,0,1,3,0
583,652,33,1,3,1,2,1,3,1,583,36,2384000,4,0,0,1,3,1
584,45,52,0,1,1,0,4,0,1,584,12,2133000,4,0,0,1,3,0
585,706,20,0,1,1,2,4,1,1,585,18,2039000,1,0,0,1,3,1
586,430,36,1,3,2,2,2,1,1,586,9,2799000,2,0,0,2,1,0
587,404,21,1,3,1,1,1,3,1,587,12,1289000,4,0,1,1,3,0
588,623,47,1,2,1,1,3,3,1,588,18,1217000,4,0,0,1,3,1
589,962,60,1,3,1,1,3,1,1,589,12,2246000,3,0,0,2,1,1
590,898,58,0,1,1,1,3,3,1,590,12,385000,4,0,0,4,1,0
591,614,42,0,1,1,2,4,1,1,591,24,1965000,4,0,0,2,2,0
592,67,36,0,1,1,1,4,3,1,592,21,1572000,4,0,0,1,3,0
593,889,20,0,1,1,2,4,3,1,593,24,2718000,3,0,0,1,3,1
594,233,40,1,3,1,1,3,0,1,594,24,1358000,4,0,0,1,0,1
595,348,32,0,1,1,1,1,3,1,595,6,931000,1,0,0,1,0,1
596,935,23,0,1,1,2,4,1,1,596,24,1442000,4,0,0,2,3,1
597,478,36,1,3,1,1,4,3,1,597,24,4241000,1,0,0,3,4,1
598,290,31,1,3,1,1,2,1,1,598,18,2775000,2,0,0,2,1,1
599,916,32,1,3,1,0,2,1,1,599,24,3863000,1,0,0,1,2,0
600,939,45,0,1,1,1,1,1,1,600,7,2329000,1,0,1,1,3,0
601,183,30,0,1,1,1,1,1,1,601,9,918000,4,0,0,1,3,1
602,467,34,0,1,1,0,4,3,1,602,24,1837000,4,0,0,1,0,1
603,462,28,0,1,1,1,2,0,1,603,36,3349000,4,0,0,1,3,1
604,422,23,0,1,1,1,2,1,1,604,10,1275000,4,0,0,1,3,0
605,440,22,1,3,1,1,4,1,1,605,24,2828000,4,0,0,1,0,0
606,821,74,1,3,1,1,2,0,1,606,24,4526000,3,0,0,1,1,0
607,628,50,0,1,1,0,4,1,1,607,36,2671000,4,1,0,1,3,1
608,306,33,1,3,1,1,1,1,1,608,18,2051000,4,0,0,1,3,0
609,644,45,1,3,2,0,4,1,1,609,15,1300000,4,0,0,1,3,0
610,406,22,0,1,1,1,3,1,1,610,12,741000,4,0,0,1,3,1
611,795,48,0,1,2,0,4,3,1,611,10,1240000,1,0,0,1,3,1
612,680,29,0,1,1,1,2,1,1,612,21,3357000,4,0,0,1,3,0
613,122,22,0,1,1,2,4,1,0,613,24,3632000,1,0,1,1,0,0
614,8,22,0,1,1,1,1,1,1,614,18,1808000,4,0,0,1,2,1
615,443,48,1,3,1,1,2,0,1,615,48,12204000,2,0,0,1,4,0
616,44,27,1,3,1,0,2,0,1,616,60,9157000,2,0,0,1,2,0
617,167,37,1,3,2,2,3,1,1,617,6,3676000,1,0,0,3,1,0
618,894,21,0,1,1,2,4,1,1,618,30,3441000,2,1,0,1,3,1
619,895,49,1,0,1,1,2,3,1,619,12,640000,4,0,0,1,3,0
620,797,27,1,3,1,1,3,1,1,620,21,3652000,2,0,0,2,1,0
621,184,32,1,3,1,1,2,1,1,621,18,1530000,3,0,0,2,1,1
622,725,38,1,0,1,1,2,1,1,622,48,3914000,4,0,0,1,3,1
623,482,22,0,1,1,2,1,1,1,623,12,1858000,4,0,0,1,3,0
624,466,65,1,3,1,0,4,1,1,624,18,2600000,4,0,0,2,3,1
625,978,35,1,3,1,1,2,1,1,625,15,1979000,4,0,0,1,3,0
626,587,41,1,3,1,1,2,1,1,626,6,2116000,2,0,0,1,3,0
627,332,29,1,3,1,1,3,1,1,627,9,1437000,2,0,0,1,0,1
628,976,36,1,3,1,1,4,1,1,628,42,4042000,4,0,0,2,1,0
629,715,64,1,3,1,1,4,3,1,629,9,3832000,1,0,0,1,3,0
630,855,28,0,1,1,1,4,1,1,630,24,3660000,2,0,0,1,3,0
631,262,44,1,3,1,1,3,1,1,631,18,1553000,4,0,0,1,0,1
632,400,23,1,3,1,1,1,1,1,632,15,1444000,4,0,0,1,3,0
633,951,19,0,1,1,2,2,1,1,633,9,1980000,2,1,0,2,3,1
634,381,25,0,1,1,1,4,3,1,634,24,1355000,3,0,0,1,3,1
635,749,47,1,3,2,1,4,1,1,635,12,1393000,4,0,0,3,3,0
636,284,28,0,1,1,1,1,1,1,636,24,1376000,4,0,0,1,3,0
637,657,21,1,3,1,1,4,1,1,637,60,15653000,2,0,0,2,2,0
638,505,34,0,1,2,1,3,1,1,638,12,1493000,4,0,0,1,3,0
639,226,26,1,3,2,1,2,1,1,639,42,4370000,3,0,0,2,2,1
640,722,27,0,1,1,1,1,2,1,640,18,750000,4,0,0,1,3,1
641,787,38,1,3,1,1,4,3,1,641,15,1308000,4,0,0,2,3,0
642,57,40,1,3,1,1,2,0,1,642,15,4623000,3,0,0,1,3,1
643,459,33,1,2,1,1,2,1,1,643,24,1851000,4,0,1,2,1,0
644,783,32,1,2,1,1,1,0,1,644,18,1880000,4,0,0,2,1,0
645,504,27,1,3,1,2,4,1,1,645,36,7980000,4,0,0,2,2,1
646,411,32,1,0,1,1,2,1,1,646,30,4583000,2,0,1,2,4,0
647,231,26,0,1,1,1,2,1,1,647,12,1386000,2,0,0,1,3,1
648,987,38,1,3,2,0,3,1,1,648,24,947000,4,0,0,1,3,1
649,83,40,1,3,2,2,4,3,1,649,12,684000,4,0,0,1,3,1
650,301,50,1,3,1,0,1,0,1,650,48,7476000,4,0,0,1,3,0
651,656,37,1,3,1,1,2,3,1,651,12,1922000,4,0,0,1,3,1
652,26,45,1,3,1,1,1,1,1,652,24,2303000,4,1,0,1,3,1
653,441,42,1,3,1,1,4,0,1,653,36,8086000,2,0,0,4,2,1
654,820,35,1,3,1,1,3,1,1,654,24,2346000,4,0,0,2,1,0
655,677,22,1,3,1,0,4,1,1,655,14,3973000,1,0,0,1,3,0
656,470,41,1,3,2,1,4,3,1,656,12,888000,4,0,0,1,3,1
657,718,37,1,3,1,1,3,1,1,657,48,10222000,4,0,0,1,3,0
658,392,28,0,1,1,1,1,1,1,658,30,4221000,2,0,0,2,4,0
659,162,41,1,3,1,1,1,1,1,659,18,6361000,2,0,0,1,1,0
660,287,23,1,2,1,2,4,1,1,660,12,1297000,3,0,0,1,3,0
661,356,23,1,2,1,1,2,1,1,661,12,900000,4,0,0,1,3,1
662,405,50,1,3,1,1,2,1,1,662,21,2241000,4,0,0,2,3,0
663,273,35,1,3,1,1,1,0,1,663,6,1050000,4,0,0,2,2,0
664,113,50,0,1,1,1,4,3,1,664,6,1047000,2,0,0,1,1,0
665,446,27,1,3,1,1,2,0,1,665,24,6314000,4,1,0,2,1,0
666,346,34,1,3,2,1,2,1,1,666,30,3496000,4,0,0,1,0,0
667,961,27,0,1,1,1,1,1,1,667,48,3609000,1,0,0,1,0,0
668,613,43,1,3,1,2,4,1,1,668,12,4843000,3,1,0,2,1,1
669,909,47,1,3,1,1,4,1,1,669,30,3017000,4,0,0,1,1,0
670,921,27,1,3,1,1,3,3,1,670,24,4139000,3,0,0,2,1,0
671,531,31,1,3,1,1,2,1,1,671,36,5742000,2,0,0,2,3,0
672,832,42,1,3,1,1,4,0,1,672,60,10366000,2,0,0,1,3,0
673,169,24,1,2,1,1,2,1,1,673,6,2080000,1,0,0,1,1,0
674,829,41,1,3,2,1,2,3,1,674,21,2580000,4,0,0,1,2,1
675,312,26,0,1,1,2,4,0,1,675,30,4530000,4,0,0,1,1,0
676,477,33,1,3,1,1,4,1,1,676,24,5150000,4,0,0,1,1,0
677,41,24,1,2,1,1,2,1,1,677,72,5595000,2,0,0,1,3,1
678,708,64,1,3,1,2,4,3,1,678,24,2384000,4,0,0,1,3,0
679,514,26,0,1,1,1,1,1,1,679,18,1453000,3,0,0,1,3,0
680,444,56,0,1,1,1,2,1,1,680,6,1538000,1,0,0,1,3,0
681,489,37,1,3,1,0,4,1,1,681,12,2279000,4,0,0,1,3,0
682,570,33,1,2,1,1,3,1,1,682,15,1478000,4,0,0,2,2,0
683,72,47,1,2,1,0,3,1,1,683,24,5103000,3,0,0,3,1,0
684,394,31,1,3,2,1,3,3,1,684,36,9857000,1,0,0,2,2,0
685,694,34,1,3,2,0,4,1,1,685,60,6527000,4,0,0,1,3,0
686,672,27,1,3,1,1,2,1,1,686,10,1347000,4,0,0,2,1,0
687,73,30,1,3,1,0,3,1,1,687,36,2862000,4,0,0,1,2,0
688,966,35,1,3,1,1,4,1,1,688,9,2753000,3,1,0,1,3,0
689,195,31,1,3,2,1,3,1,1,689,12,3651000,1,0,0,1,3,0
690,279,25,1,0,1,1,3,1,1,690,15,975000,2,0,0,2,1,0
691,836,25,0,1,1,1,2,3,1,691,15,2631000,3,0,0,1,3,0
692,638,29,1,3,1,1,1,1,1,692,24,2896000,2,0,0,1,3,0
693,251,44,1,3,2,1,3,3,1,693,6,4716000,1,0,0,2,1,0
694,360,28,1,3,1,1,2,1,1,694,24,2284000,4,0,0,1,3,0
695,486,50,1,3,1,2,4,1,1,695,6,1236000,2,0,0,1,3,0
696,120,29,1,3,1,1,3,1,0,696,12,1103000,4,0,1,2,3,0
697,683,38,0,1,1,1,2,2,1,697,12,926000,1,0,0,1,1,0
698,320,24,1,3,1,1,2,1,1,698,18,1800000,4,0,0,2,1,0
699,378,40,1,3,1,2,4,0,1,699,15,1905000,4,0,0,1,3,0
700,845,29,0,1,1,2,4,3,1,700,12,1123000,4,0,0,1,3,1
701,87,46,1,3,1,0,4,1,1,701,48,6331000,4,0,0,2,1,1
702,685,47,0,1,1,0,2,1,1,702,24,1377000,4,0,0,1,3,0
703,642,41,1,3,1,1,2,1,1,703,30,2503000,4,0,0,2,2,0
704,923,32,0,1,2,1,1,1,1,704,27,2528000,4,0,0,1,3,0
705,604,35,0,1,1,0,4,1,1,705,15,5324000,1,0,0,1,3,0
706,785,24,1,3,1,1,2,1,1,706,48,6560000,3,0,0,1,3,1
707,490,25,0,1,1,2,3,1,1,707,12,2969000,4,0,0,2,4,1
708,28,25,0,1,1,1,4,1,1,708,9,1206000,4,0,0,1,3,0
709,861,37,1,3,2,1,2,3,1,709,9,2118000,2,0,0,1,3,0
710,131,32,1,3,1,1,3,0,1,710,18,629000,4,0,0,2,1,0
711,280,35,0,1,1,0,4,1,1,711,6,1198000,4,0,0,1,0,1
712,208,46,1,3,1,1,4,0,1,712,21,2476000,4,0,0,1,3,0
713,733,25,1,3,1,1,4,3,1,713,9,1138000,4,0,0,2,1,0
714,311,27,1,3,1,1,2,0,1,714,60,14027000,4,0,0,1,3,1
715,242,63,1,3,1,1,4,1,1,715,30,7596000,1,0,0,2,1,0
716,53,40,1,3,2,1,2,1,1,716,30,3077000,3,0,0,2,1,0
717,929,32,1,3,1,0,2,0,1,717,18,1505000,4,0,0,1,3,0
718,54,31,1,3,1,1,2,1,1,718,24,3148000,3,0,0,2,1,0
719,503,31,1,2,1,1,4,1,1,719,20,6148000,3,0,0,2,4,0
720,335,34,1,3,1,1,2,0,1,720,9,1337000,4,0,0,2,4,1
721,624,24,0,1,2,2,2,1,1,721,6,433000,4,0,0,1,0,1
722,34,24,0,1,1,1,2,3,1,722,12,1228000,4,0,0,1,3,1
723,75,66,0,1,1,1,3,3,1,723,9,790000,4,0,0,1,3,0
724,132,21,0,1,1,2,3,1,1,724,27,2570000,3,0,0,1,3,1
725,285,41,0,1,1,1,2,3,1,725,6,250000,2,0,0,2,1,0
726,102,47,1,2,1,1,2,3,1,726,15,1316000,2,0,0,2,1,0
727,734,25,0,1,1,2,4,1,1,727,18,1882000,4,0,0,2,3,1
728,94,59,0,1,1,2,3,1,1,728,48,6416000,4,0,0,1,0,1
729,136,36,1,0,1,1,4,1,1,729,24,1275000,2,0,0,2,1,0
730,853,33,1,3,1,1,2,1,1,730,24,6403000,1,0,0,1,2,0
731,986,21,1,3,2,2,4,3,1,731,24,1987000,2,0,0,1,3,1
732,675,44,0,1,1,1,2,3,1,732,8,760000,4,0,1,1,3,0
733,661,28,0,1,1,2,4,1,1,733,24,2603000,2,0,0,1,3,0
734,141,37,0,1,2,1,1,1,1,734,4,3380000,1,0,0,1,1,0
735,2,29,0,1,1,1,2,2,1,735,36,3990000,3,0,0,1,0,0
736,188,23,0,1,1,2,4,0,1,736,24,11560000,1,0,0,2,3,1
737,361,35,1,3,2,1,4,3,1,737,18,4380000,3,0,0,1,3,0
738,66,45,1,3,2,1,3,0,1,738,6,6761000,1,0,0,2,1,0
739,345,26,0,1,1,2,4,3,1,739,30,4280000,4,0,0,2,4,1
740,901,32,1,3,1,1,3,1,1,740,24,2325000,2,0,0,1,0,0
741,217,23,1,3,1,1,4,3,1,741,10,1048000,4,0,0,1,0,0
742,510,41,1,3,1,1,3,1,1,742,21,3160000,4,0,0,1,3,0
743,705,22,1,3,1,1,4,1,1,743,24,2483000,4,0,0,1,0,0
744,135,30,1,3,1,1,4,0,1,744,39,14179000,4,0,0,2,1,0
745,593,28,1,3,1,1,1,3,1,745,13,1797000,3,0,0,2,1,0
746,331,23,0,1,1,2,4,1,1,746,15,2511000,1,0,0,1,3,0
747,468,37,0,1,1,1,1,3,1,747,12,1274000,3,0,0,1,3,1
748,872,26,1,3,1,1,3,1,1,748,21,5248000,1,0,0,1,3,0
749,212,33,1,3,1,1,2,1,1,749,15,3029000,2,0,0,1,3,0
750,908,49,0,1,1,1,1,1,1,750,6,428000,2,0,0,1,3,0
751,615,23,0,1,1,1,2,3,1,751,18,976000,1,0,0,1,3,1
752,796,23,0,1,1,2,4,3,1,752,12,841000,2,0,0,1,3,0
753,750,25,0,1,1,1,2,1,1,753,30,5771000,4,0,0,2,1,0
754,267,55,1,3,2,0,4,1,1,754,12,1555000,4,0,0,2,2,1
755,630,32,0,1,1,2,4,1,1,755,24,1285000,4,0,0,1,3,1
756,960,74,1,3,2,1,1,2,0,756,6,1299000,1,0,0,3,1,0
757,297,39,1,3,1,0,4,1,1,757,15,1271000,3,0,0,2,1,1
758,982,31,1,3,1,1,2,1,1,758,24,1393000,2,0,1,1,3,0
759,168,35,1,3,1,1,3,1,1,759,12,691000,4,0,0,2,1,1
760,730,59,0,1,1,1,4,1,1,760,15,5045000,1,0,0,1,1,0
761,222,24,0,1,1,2,4,1,1,761,18,2124000,4,0,0,2,1,1
762,110,24,1,3,1,1,3,3,1,762,12,2214000,4,0,0,1,3,0
763,770,30,1,3,1,0,4,0,1,763,21,12680000,4,0,0,1,1,1
764,421,27,1,2,1,1,3,1,1,764,24,2463000,4,0,0,2,1,0
765,160,40,1,2,1,1,3,3,1,765,12,1155000,3,0,1,2,3,0
766,758,31,1,0,1,1,4,3,1,766,30,3108000,2,0,0,1,3,1
767,371,31,0,1,1,2,4,1,1,767,10,2901000,1,0,0,1,3,0
768,258,28,1,3,1,2,4,1,1,768,12,3617000,1,0,0,3,1,0
769,511,63,1,3,1,1,4,3,1,769,12,1655000,2,0,0,2,1,0
770,85,26,0,1,1,2,4,1,1,770,24,2812000,2,0,0,1,3,0
771,202,25,0,1,1,1,2,0,1,771,36,8065000,3,0,0,2,1,1
772,741,36,1,3,1,1,4,0,1,772,21,3275000,1,0,0,1,1,0
773,781,52,1,3,1,1,4,1,1,773,24,2223000,4,0,0,2,1,0
774,724,66,1,3,1,0,4,2,1,774,12,1480000,2,0,0,3,1,0
775,215,25,0,1,1,2,4,1,1,775,24,1371000,4,0,0,1,3,1
776,970,37,1,3,1,1,4,1,1,776,36,3535000,4,0,0,2,1,0
777,981,25,0,1,1,1,1,1,1,777,18,3509000,4,0,1,1,3,0
778,97,38,1,3,1,1,2,0,1,778,36,5711000,4,0,0,2,1,0
779,15,67,0,1,1,1,4,1,1,779,18,3872000,2,0,0,1,3,0
780,357,25,1,3,1,1,2,1,1,780,39,4933000,2,0,1,2,1,1
781,30,60,1,3,1,1,4,1,1,781,24,1940000,4,0,0,1,1,0
782,9,31,1,3,1,1,2,3,1,782,12,1410000,2,0,0,1,4,0
783,415,23,0,1,1,1,2,3,1,783,12,836000,4,0,0,1,3,1
784,946,60,1,0,1,1,4,0,1,784,20,6468000,1,0,0,1,3,0
785,0,35,1,3,1,1,2,3,1,785,18,1941000,4,0,0,1,3,0
786,528,40,1,3,1,1,4,1,1,786,22,2675000,3,0,0,1,3,0
787,824,38,1,3,2,1,3,1,1,787,48,2751000,4,0,0,2,1,0
788,520,50,1,3,1,0,4,1,1,788,48,6224000,4,0,0,1,2,1
789,621,27,1,3,1,1,3,1,1,789,40,5998000,4,0,0,1,1,1
790,549,39,0,1,2,1,4,1,1,790,21,1188000,2,0,0,1,3,1
791,310,41,1,3,2,1,4,0,1,791,24,6313000,3,0,0,1,3,0
792,983,27,1,2,1,1,2,1,1,792,6,1221000,1,0,0,2,1,0
793,362,51,1,0,1,0,4,1,1,793,24,2892000,3,0,0,1,3,0
794,178,32,1,3,1,2,3,1,1,794,24,3062000,4,0,0,1,3,0
795,811,22,0,1,1,2,4,1,1,795,9,2301000,2,0,0,1,3,0
796,151,51,1,3,2,0,4,1,1,796,18,7511000,1,0,0,1,3,1
797,714,22,0,1,1,2,4,3,1,797,12,1258000,2,0,0,2,1,0
798,186,54,1,2,1,1,4,1,1,798,24,717000,4,0,0,2,2,0
799,963,35,1,3,1,1,2,2,1,799,9,1549000,4,0,0,1,3,0
800,483,54,1,3,2,0,4,1,1,800,24,1597000,4,0,0,2,1,0
801,608,48,0,1,1,2,4,3,1,801,18,1795000,3,0,1,2,1,0
802,959,24,0,1,1,1,4,1,1,802,20,4272000,1,0,0,2,1,0
803,646,35,1,3,1,1,4,1,1,803,12,976000,4,0,0,2,1,0
804,790,24,0,1,1,2,2,2,1,804,12,7472000,1,0,0,1,3,0
805,451,24,1,3,1,1,1,1,1,805,36,9271000,2,0,0,1,3,1
806,756,26,1,2,1,1,3,3,0,806,6,590000,3,0,0,1,3,0
807,118,65,1,3,1,1,4,1,1,807,12,930000,4,0,0,4,1,0
808,928,55,1,3,1,0,2,0,1,808,42,9283000,1,0,0,1,0,0
809,308,26,0,1,1,2,1,2,1,809,15,1778000,2,0,0,2,4,1
810,6,26,1,2,1,1,2,1,1,810,8,907000,3,0,0,1,3,0
811,699,28,1,2,1,1,3,3,1,811,6,484000,3,0,1,1,3,0
812,383,24,1,3,1,1,4,1,1,812,36,9629000,4,0,0,2,1,1
813,235,54,1,3,1,1,4,1,1,813,48,3051000,3,0,0,1,3,1
814,413,46,1,3,2,0,4,1,1,814,48,3931000,4,0,0,1,3,1
815,385,54,0,1,1,2,2,1,1,815,36,7432000,2,0,0,1,2,0
816,833,62,1,0,1,1,4,1,1,816,6,1338000,1,0,0,1,3,0
817,666,24,0,1,1,2,2,1,1,817,6,1554000,1,0,0,2,1,0
818,11,43,1,0,1,1,3,0,1,818,36,15857000,2,1,0,1,3,0
819,904,26,1,2,1,1,3,1,1,819,18,1345000,4,0,0,1,3,1
820,77,27,1,2,1,1,2,1,1,820,12,1101000,3,0,0,2,3,0
821,225,24,1,2,1,1,1,1,1,821,12,3016000,3,0,0,1,3,0
822,776,41,1,3,2,1,2,1,1,822,36,2712000,2,0,0,1,3,1
823,954,47,1,3,1,1,4,3,1,823,8,731000,4,0,0,2,1,0
824,584,35,1,0,1,1,2,0,1,824,18,3780000,3,0,0,2,1,0
825,148,30,1,2,1,1,3,1,1,825,21,1602000,4,0,0,2,1,0
826,146,33,0,1,1,2,4,1,1,826,18,3966000,1,0,0,3,1,1
827,647,36,1,3,2,1,2,1,1,827,18,4165000,2,0,0,2,4,1
828,150,47,1,3,1,0,4,1,1,828,36,8335000,3,0,0,1,3,1
829,500,38,1,3,2,0,4,1,1,829,48,6681000,4,0,0,1,2,0
830,254,44,1,3,2,1,2,1,1,830,24,2375000,4,0,0,2,2,0
831,266,23,0,1,1,2,3,1,1,831,18,1216000,4,0,0,1,3,1
832,219,29,1,3,1,2,4,1,1,832,45,11816000,2,0,0,2,4,1
833,498,42,0,1,1,1,4,1,1,833,24,5084000,2,0,0,1,3,0
834,247,25,0,1,1,1,3,3,1,834,15,2327000,2,0,0,1,3,1
835,671,48,1,3,1,1,4,1,1,835,12,1082000,4,0,0,2,4,1
836,210,21,0,1,1,1,2,1,1,836,12,886000,4,0,0,1,3,0
837,48,23,0,1,2,2,3,3,1,837,4,601000,1,0,0,1,3,0
838,606,63,1,3,1,1,4,1,1,838,24,2957000,4,0,0,2,1,0
839,803,46,1,2,1,1,3,1,1,839,24,2611000,4,1,0,2,1,0
840,955,29,1,3,1,1,2,1,1,840,36,5179000,4,0,0,1,3,1
841,241,28,1,3,1,1,2,3,1,841,21,2993000,3,0,0,2,2,0
842,782,23,0,1,1,1,4,1,1,842,18,1943000,4,0,0,1,3,1
843,121,50,1,3,1,1,4,1,1,843,24,1559000,4,0,0,1,0,0
844,759,47,1,3,2,1,4,1,1,844,18,3422000,4,0,0,3,3,0
845,164,35,1,3,1,1,3,1,1,845,21,3976000,2,0,0,1,3,0
846,33,68,1,3,1,2,4,1,1,846,18,6761000,2,0,0,2,3,1
847,843,28,1,2,1,1,2,1,1,847,24,1249000,4,0,0,1,3,0
848,578,59,1,3,1,1,4,1,1,848,9,1364000,3,0,0,1,3,0
849,344,57,1,3,1,1,4,3,1,849,12,709000,4,0,0,1,3,1
850,583,33,1,2,1,2,2,1,0,850,20,2235000,4,0,1,2,1,1
851,856,43,1,3,1,1,4,1,1,851,24,4042000,3,0,0,2,1,0
852,60,35,1,3,1,0,4,1,1,852,15,1471000,4,0,0,2,1,0
853,104,32,1,3,2,0,4,3,1,853,18,1442000,4,0,0,2,0,1
854,754,45,1,3,2,1,2,1,1,854,36,10875000,2,0,0,2,2,0
855,547,33,1,2,1,1,3,1,1,855,24,1474000,4,0,0,1,3,0
856,996,40,0,1,1,1,3,1,1,856,10,894000,4,0,0,1,3,0
857,815,28,1,3,1,0,2,1,1,857,15,3343000,4,0,0,1,1,0
858,878,29,0,1,1,1,2,1,1,858,15,3959000,3,0,0,1,3,1
859,114,26,1,3,2,2,2,1,0,859,9,3577000,1,0,1,1,3,0
860,603,27,1,3,1,1,2,1,1,860,24,5804000,4,0,0,2,1,0
861,264,28,1,2,1,1,2,1,1,861,18,2169000,4,0,0,1,2,1
862,261,35,0,1,1,1,4,1,1,862,24,2439000,4,0,0,1,3,1
863,313,32,1,3,2,1,2,3,1,863,27,4526000,4,0,0,2,1,0
864,496,25,1,3,1,2,2,3,1,864,10,2210000,2,0,0,1,3,1
865,977,20,0,1,1,2,4,1,1,865,15,2221000,2,0,0,1,3,0
866,192,27,0,1,1,1,1,1,1,866,18,2389000,4,0,0,1,3,0
867,586,42,1,3,1,1,4,1,1,867,12,3331000,2,0,0,1,1,0
868,256,37,1,3,1,1,2,1,1,868,36,7409000,3,0,0,2,3,0
869,133,24,0,1,1,2,4,1,1,869,12,652000,4,0,0,1,3,0
870,372,40,0,1,1,1,4,1,1,870,36,7678000,2,0,0,2,2,0
871,848,46,1,3,2,1,4,1,0,871,6,1343000,1,0,0,2,1,0
872,975,26,1,3,1,1,1,1,1,872,24,1382000,4,0,0,2,1,0
873,316,24,0,1,1,1,1,1,1,873,15,874000,4,0,0,1,3,0
874,654,29,1,3,2,1,2,3,1,874,12,3590000,2,1,0,1,3,0
875,560,40,0,1,1,1,4,1,1,875,11,1322000,4,0,0,2,1,0
876,948,36,1,3,1,0,4,0,1,876,18,1940000,3,1,0,1,0,0
877,635,28,1,3,1,1,2,1,1,877,36,3595000,4,0,0,1,3,0
878,626,27,1,3,1,0,2,0,1,878,9,1422000,3,0,0,1,3,1
879,538,36,1,3,1,1,3,1,1,879,30,6742000,2,0,0,2,1,0
880,427,38,1,3,1,1,3,0,1,880,24,7814000,3,0,0,1,3,0
881,249,48,1,0,1,0,4,1,1,881,24,9277000,2,0,0,1,3,0
882,340,36,1,3,1,1,4,1,1,882,30,2181000,4,0,0,2,1,0
883,616,65,0,1,1,1,4,2,1,883,18,1098000,4,0,0,2,1,0
884,761,43,1,0,1,1,3,1,1,884,24,4057000,3,0,0,1,3,1
885,545,53,0,1,1,1,4,1,1,885,12,795000,4,0,0,1,3,1
886,932,34,1,3,2,1,3,1,1,886,24,2825000,4,0,0,2,1,0
887,119,23,1,3,1,1,2,1,1,887,48,15672000,2,0,0,1,3,1
888,984,34,1,3,1,1,4,0,1,888,36,6614000,4,0,0,2,1,0
889,218,40,1,3,2,2,4,1,1,889,28,7824000,3,0,1,2,0,0
890,96,43,1,3,2,1,4,0,1,890,27,2442000,4,0,0,4,1,0
891,19,46,1,3,1,1,4,1,1,891,15,1829000,4,0,0,2,1,0
892,63,38,1,3,1,1,4,3,0,892,12,2171000,4,0,0,2,1,0
893,933,34,1,3,1,1,4,1,1,893,36,5800000,3,0,0,2,1,0
894,82,29,1,3,1,1,3,1,1,894,18,1169000,4,0,0,2,1,0
895,187,31,1,3,2,1,2,0,1,895,36,8947000,3,0,0,1,2,0
896,926,28,0,1,1,2,4,0,1,896,21,2606000,4,0,0,1,3,0
897,639,35,0,1,1,1,2,1,0,897,12,1592000,3,0,0,1,1,0
898,464,33,0,1,1,2,4,3,1,898,15,2186000,1,0,0,1,3,0
899,227,42,1,3,1,1,3,1,1,899,18,4153000,2,1,0,1,3,1
900,433,43,1,3,1,2,4,1,1,900,16,2625000,2,0,1,1,1,1
901,629,44,1,0,1,1,4,1,1,901,20,3485000,2,0,0,2,1,0
902,523,42,1,3,1,0,4,1,1,902,36,10477000,2,0,0,2,1,0
903,143,40,1,2,1,2,2,1,1,903,15,1386000,4,0,0,1,3,0
904,278,36,1,3,1,1,1,0,1,904,24,1278000,4,0,0,1,3,0
905,991,20,1,3,2,2,2,0,1,905,12,1107000,2,0,0,1,3,0
906,914,24,1,3,1,1,2,3,0,906,21,3763000,2,1,0,1,3,0
907,864,27,1,2,1,1,2,1,1,907,36,3711000,2,0,0,1,3,0
908,599,46,0,1,1,1,2,3,1,908,15,3594000,1,0,0,2,2,0
909,69,33,0,1,1,1,2,3,1,909,9,3195000,1,0,0,1,3,0
910,42,34,0,1,1,1,4,1,1,910,36,4454000,4,0,0,2,2,0
911,480,25,0,1,1,1,4,3,1,911,24,4736000,2,0,0,1,1,1
912,474,25,0,1,1,1,4,1,1,912,30,2991000,2,0,0,1,3,0
913,727,28,1,0,1,1,2,1,1,913,11,2142000,1,0,0,1,3,0
914,275,31,1,3,1,2,2,1,1,914,24,3161000,4,0,0,1,0,1
915,91,32,0,1,1,1,2,0,0,915,48,18424000,1,0,0,1,4,1
916,625,32,1,3,2,1,2,1,1,916,10,2848000,1,1,0,1,3,0
917,244,68,1,3,1,1,4,0,1,917,6,14896000,1,0,0,1,3,1
918,130,33,1,0,1,1,1,1,1,918,24,2359000,1,0,0,1,3,1
919,682,39,1,3,1,2,2,0,1,919,24,3345000,4,0,0,1,3,1
920,627,28,0,1,1,1,2,1,1,920,18,1817000,4,0,0,2,1,0
921,201,37,1,3,1,1,1,0,1,921,48,12749000,4,0,0,1,2,0
922,765,22,0,1,1,2,4,1,1,922,9,1366000,3,0,0,1,3,1
923,967,30,1,3,2,2,4,1,1,923,12,2002000,3,0,0,1,3,0
924,283,55,1,0,1,1,1,1,1,924,24,6872000,2,0,0,1,0,1
925,938,46,1,3,1,1,2,1,1,925,12,697000,4,0,0,2,0,1
926,537,21,0,1,1,2,4,1,1,926,18,1049000,4,0,0,1,1,0
927,420,39,1,3,2,0,4,1,1,927,48,10297000,4,0,0,3,3,1
928,751,58,1,3,1,1,4,1,1,928,30,1867000,4,0,0,1,3,0
929,735,43,1,3,2,1,2,3,1,929,12,1344000,4,0,0,2,2,0
930,643,24,1,3,1,1,1,3,0,930,24,1747000,4,1,0,1,3,0
931,869,22,0,1,1,1,2,1,1,931,9,1670000,4,0,0,1,3,1
932,447,30,1,3,1,1,1,1,1,932,9,1224000,3,0,0,2,1,0
933,144,42,1,3,2,1,4,1,1,933,12,522000,4,0,0,2,1,0
934,645,23,0,1,1,1,1,1,1,934,12,1498000,4,0,0,1,3,0
935,318,30,1,3,1,1,3,0,1,935,30,1919000,4,0,0,2,2,1
936,546,28,0,1,1,1,2,3,1,936,9,745000,3,0,0,1,3,1
937,255,30,1,2,1,2,3,0,1,937,6,2063000,4,0,0,1,3,0
938,588,42,1,3,1,0,4,1,1,938,60,6288000,4,0,0,1,3,1
939,153,46,1,3,2,1,4,0,1,939,24,6842000,2,0,0,2,1,0
940,200,45,1,3,2,1,3,0,1,940,12,3527000,2,0,0,1,3,0
941,158,31,1,3,2,1,2,3,0,941,10,1546000,3,0,0,1,3,0
942,999,31,1,3,1,1,2,1,1,942,24,929000,4,0,0,1,3,0
943,911,42,1,3,2,1,1,3,1,943,4,1455000,2,0,0,3,1,0
944,369,46,0,1,1,2,1,1,1,944,15,1845000,4,0,1,1,3,0
945,1,30,0,1,1,1,1,1,1,945,48,8358000,1,0,0,2,4,0
946,941,30,1,3,2,0,4,1,1,946,24,3349000,4,0,0,1,0,1
947,897,38,1,3,1,1,4,0,1,947,12,2859000,4,0,0,1,3,0
948,395,43,1,2,2,1,1,3,1,948,18,1533000,4,1,0,1,3,1
949,942,31,1,3,1,1,4,1,1,949,24,3621000,2,0,0,2,3,1
950,354,40,1,2,2,1,3,2,1,950,18,3590000,3,0,0,3,1,0
951,448,24,1,3,1,1,1,1,1,951,36,2145000,2,0,0,2,2,1
952,792,28,0,1,1,2,4,1,1,952,24,4113000,3,0,0,1,3,1
953,221,26,0,1,1,1,2,0,1,953,36,10974000,4,0,0,2,3,1
954,866,29,0,1,1,1,4,1,1,954,12,1893000,4,0,1,1,3,0
955,919,57,0,1,1,2,4,0,1,955,24,1231000,4,0,0,2,1,0
956,937,49,1,3,1,1,4,3,1,956,30,3656000,4,0,0,2,1,0
957,566,37,1,3,1,1,4,3,1,957,9,1154000,2,0,0,3,1,0
958,633,45,1,3,1,1,2,3,1,958,28,4006000,3,0,0,1,3,1
959,594,30,1,3,1,0,4,1,1,959,24,3069000,4,0,0,1,3,0
960,123,30,1,2,1,2,2,1,1,960,6,1740000,2,0,0,2,1,0
961,567,47,1,0,1,1,4,1,1,961,21,2353000,1,0,0,2,2,0
962,834,29,1,3,1,1,2,1,1,962,15,3556000,3,0,0,1,3,0
963,243,35,1,3,1,1,2,1,1,963,24,2397000,3,0,0,2,3,1
964,688,22,1,2,1,1,1,3,1,964,6,454000,3,0,0,1,3,0
965,62,26,0,1,1,1,1,1,1,965,30,1715000,4,0,0,1,3,0
966,701,23,1,3,1,1,2,3,1,966,27,2520000,4,0,0,2,1,1
967,936,54,0,1,1,2,2,0,1,967,15,3568000,4,0,0,1,3,0
968,292,29,1,2,1,2,4,1,1,968,42,7166000,2,0,0,1,3,0
969,679,40,1,3,2,1,2,3,1,969,11,3939000,1,0,0,2,1,0
970,695,22,1,3,1,1,2,1,1,970,15,1514000,4,0,1,1,3,0
971,655,43,1,3,2,1,4,3,1,971,24,7393000,1,0,0,1,3,0
972,4,29,0,1,1,2,4,2,1,972,24,1193000,1,1,0,2,0,1
973,213,36,1,3,1,2,4,1,1,973,60,7297000,4,1,0,1,3,1
974,324,33,0,1,1,1,2,1,1,974,30,2831000,4,0,0,1,1,0
975,852,57,0,1,1,1,3,3,1,975,24,1258000,3,0,0,1,3,0
976,809,64,0,1,1,1,3,1,1,976,6,753000,2,0,1,1,3,0
977,553,42,1,3,1,1,2,1,1,977,18,2427000,4,0,0,2,2,0
978,890,47,1,3,2,1,4,3,1,978,24,2538000,4,0,0,2,2,1
979,747,25,1,2,1,2,2,1,1,979,15,1264000,2,0,0,1,0,1
980,429,49,1,3,1,1,2,1,1,980,30,8386000,2,0,0,1,1,1
981,974,33,1,3,1,2,2,0,1,981,48,4844000,3,0,0,1,3,1
982,854,28,0,1,1,1,1,0,1,982,21,2923000,1,0,0,1,3,0
983,844,26,1,3,2,1,2,1,1,983,36,8229000,2,0,0,1,3,1
984,295,30,1,3,1,1,2,3,1,984,24,2028000,2,0,0,2,1,0
985,453,25,0,1,1,2,3,1,1,985,15,1433000,4,0,0,2,1,0
986,997,33,1,0,1,1,1,1,1,986,42,6289000,2,0,0,2,4,0
987,533,64,0,1,1,1,4,1,1,987,13,1409000,2,0,0,1,3,0
988,650,29,1,3,1,0,2,0,1,988,24,6579000,4,0,0,1,3,0
989,956,48,1,3,1,1,2,3,1,989,24,1743000,4,0,0,2,1,0
990,289,37,1,3,2,1,1,3,1,990,12,3565000,2,0,0,2,1,0
991,304,34,1,3,2,1,4,3,1,991,15,1569000,4,0,0,1,0,0
992,163,23,1,2,1,2,4,3,1,992,18,1936000,2,0,0,2,3,0
993,607,30,1,3,1,1,3,0,1,993,36,3959000,4,0,0,1,3,0
994,618,50,1,3,1,1,3,1,1,994,12,2390000,4,0,0,1,3,0
995,973,31,0,1,1,1,4,3,1,995,12,1736000,3,0,0,1,3,0
996,12,40,1,0,1,1,4,0,1,996,30,3857000,4,0,0,1,3,0
997,813,38,1,3,1,1,4,1,1,997,12,804000,4,0,0,1,3,0
998,888,23,1,3,1,0,4,1,1,998,45,1845000,4,0,0,1,3,1
999,690,27,1,3,1,1,4,1,1,999,45,4576000,3,0,0,1,1,0
